SPRITEDATA
2
2011	420	0	452	64
2012	358	3	390	52
2013	262	18	318	36
2111	2	0	34	64
2112	63	5	95	54
2113	135	20	191	38

2021	420	64	452	128
2022	358	69	390	118
2023	262	84	318	102
2121	2	66	34	130
2122	63	69	95	120
2123	135	86	191	104

2031	420	132	452	196
2032	358	135	390	186
2033	261	152	350	170
2131	2	134	34	198
2132	63	137	95	188
2133	103	154	192	172
SPRITEDATAEND
ANIMATIONDATA
200	2011	75
200	2012	75
200	2013	200
201	2111	75
201	2112	75
201	2113	200

202	2021	75
202	2022	75
202	2023	200
203	2121	75
203	2122	75
203	2123	200

204	2031	75
204	2032	75
204	2033	200
205	2131	75
205	2132	75
205	2133	200
ANIMATIONDATAEND